9647511862643
9647825567949
9647517233190
9647702253533
9647712033397
9647736454946
9647828031119
9647502197588
9647723089023
9647704376869
9647801613639
9647516845729
9647738214748
9647810228964
9647740066621
9647736694106
9647806561087
9647812506868
9647711924445
9647741011203
9647764259365
9647765871183
9647711009963
9647747776938
9647773712653
9647847017683
9647764973456
9647735808110
9647727659189
966558349329
9647741782439
9647838591999
9647732444510
9647810031513
9647741315140
9647830529375
9647850099199
9647700124129
9647712642506
9647857272852
9647816469823
9647737840145
9647838332432
9647778119744
9647715060671
964770706666
9647804471526
9647876945554
9647764432381
9647722487798
9647844434500
9647728966413
9647838056213
9647765532287
9647736041421
9647702256412
9647739358077
9647717000846
9647512465648
9647838124519
9647773636630
9647716869632
9647753962809
9647814942464
9667881616670
9647738492409
9647724790525
9647822232734
9647736065699
9647722720729
9647741874611
9647719722906
9647744699639
9647714587847
9647815458702
9647748607297
9647732459175
201070338499
9647739113380
9647871375737
9647838109099
9647813151094
9647760845185
9647722108354
9647877991130
9647764333080
9647703469966
9647715641752
9647734814618
9647806745597
9647865008276
9647519956786
9647878466217
9647729171908
9647810057737
9647823098718
9647851427207
9647716744633
9647721927115
9647875594344
9647516164276
9647741400498
9647812445293
9647733833748
9647823705482
9647714567397
9647830616840
9647716596010
9647735460629
9647722676032
9647726756745
9647818233358
9647516594420
9647810242444
9647707881951
962796032121
9647722552653
9647713442388
9647728395532
9647719446798
963102870042
9647874718170
9647838961471
9647779720230
9647751071300
9647718720773
9647817699424
